11	6	5	7.53	41.5	53.7	68.65
10	5	5	8.52	49.4	56.75	57
10	5	5	12.57	43.3	52.17	72.48
10	5	5	12.25	44.3	52.23	72.52
11	6	5	11.3	48	55.71	72.55
10	5	5	13.29	41.6	51.44	63.45
12	6	6	11.43	42.9	52.77	65.38
10	5	5	11.5	45	53.22	67.41
10	5	5	11.6	41.9	53.84	92.79
9	4	5	10.05	40.9	54.55	57.77
12	6	6	7.74	38	54.54	61.63
12	6	6	9.46	44	53.99	54.55
12	6	6	10.43	42.5	54.72	69.65
11	5	6	10.6	42.5	53.8	65.81
12	6	6	8.32	48.5	54.93	73.66
13	6	7	11.61	48.6	54.74	89.67
10	5	5	20.16	42.9	51.89	57.55
13	6	7	9.08	47.3	56.74	71.56
11	6	5	9.07	45.5	55.84	61.04
10	5	5	8.79	47.4	55.14	56.57
11	6	5	8.6	46.5	55.16	55.1
10	4	6	15.33	47.8	53.44	64.13
10	5	5	12.27	48	53.83	67.63
11	6	5	10.2	49.2	55.52	69.05
10	5	5	7.71	46.2	53.11	50.38
10	5	5	12.56	43.2	53.52	54
9	4	5	7.87	45.6	56.23	45.73
10	5	5	9.47	44.3	54.63	64.37
10	5	5	15.76	51.5	52.15	91.93
11	6	5	8.54	41.8	53.99	50.81
11	5	6	10.05	45.3	54.22	73.96
11	5	6	9.62	42.8	53.87	81.12
9	5	4	14.21	45.9	52.8	51.83
12	6	6	7.65	45.7	55.12	62.12
11	6	5	10.54	42.1	53.57	59.76
11	5	6	10.82	40	52.9	56.01
10	5	5	11.16	52	55.25	61.89
10	5	5	9.26	39.4	53.97	49.49
11	5	6	10.94	41.6	51.39	66.24
10	5	5	11.89	48	53.1	54.2
10	5	5	10.04	47.3	54.92	63.06
11	6	5	11.42	46.9	54.16	68.15
10	5	5	13.65	47.4	53.04	56.15
10	5	5	11.19	45.6	52.34	64.61
10	5	5	11.79	45.5	54.48	64.69
11	6	5	9.62	44.9	56.76	53.52
12	6	6	11	44	54.08	43.24
11	5	6	14.17	51.1	54.31	62.3
12	6	6	9.74	42.9	53.31	75.6
10	5	5	10.82	38.1	52.91	62.97
11	5	6	10.57	41.1	53.48	80.18
10	5	5	10.92	43.4	53.67	57.88
10	5	5	11.64	49.5	55	64.46
11	6	5	10.47	40.7	51.98	79.4
11	5	6	10.53	41.3	53.62	52.58
11	6	5	9.27	44.9	55.39	51.49
10	5	5	10.42	44.2	52.27	65.97
9	4	5	13.66	40.3	50.38	67.05
9	4	5	10.4	52	56.81	64.63
10	5	5	9.7	42.7	52.97	69.95
11	5	6	9.08	44.4	55.64	54.96
10	5	5	10.83	47.2	55.8	50.77
12	6	6	9.73	47.4	57.64	57.97
12	6	6	12.44	44.6	52.62	70.08
12	6	6	8.54	42	53.79	68.71
11	6	5	12.88	52	54.67	76.65
10	5	5	7.21	51.4	58.07	59.43
10	5	5	9.14	40	51.87	54.46
10	5	5	9.22	47.6	56.32	57.64
12	6	6	8.63	45.9	55.16	61.23
10	5	5	6.59	43.6	54.82	57.17
12	6	6	12.58	39.1	51.03	48.77
11	6	5	12.69	49.5	53.58	52.11
12	6	6	11.11	48.8	54.27	42.87
10	5	5	10.12	49.5	54.4	60.38
10	5	5	12.47	46.2	54.61	47.5
12	6	6	10.5	48.3	54.34	51.47
12	6	6	10.26	43.6	53.95	65.3
10	5	5	9.85	41.9	52.49	63.46
10	5	5	7.12	48.1	54.88	63.56
10	5	5	13.9	39	50.12	62.94
10	5	5	10.72	47	54.09	67.64
12	6	6	10.48	43.2	53.24	53.28
13	7	6	10.36	39.6	52.06	81.1
11	6	5	11.6	50	54.43	81.18
11	6	5	7.14	39.7	53.04	56.33
11	5	6	9.32	45.6	54.73	62.16
10	5	5	8.44	39.1	53.15	89.82
10	5	5	10.17	44	54.21	55.5
11	6	5	11.73	51.6	55.4	71.34
10	5	5	10.97	44.5	52.42	69.68
10	5	5	8.85	47.4	57.72	49.91
10	5	5	8.89	42.9	52.55	63
11	6	5	9.73	49.1	56.06	46.01
10	5	5	8.58	42.4	53.72	68.32
10	5	5	12.36	52.1	54.05	73.59
12	6	6	9.42	49.4	54.83	37.25
11	6	5	8.94	40.9	53.39	66.54
11	6	5	14.03	43.7	52.79	82.61
10	5	5	9.57	48	56.08	52.58
10	5	5	8.8	45	56.22	60.34
13	6	7	12.88	47.6	54.24	81.97
11	6	5	9.58	48.5	56.8	54.56
10	5	5	10.24	39.8	52.9	68.54
9	5	4	12.95	48.4	52.28	68.84
11	6	5	12.26	49.6	54.7	68.91
12	6	6	9.35	47.3	54.24	62.08
10	5	5	10.57	48.4	54.4	70.76
12	6	6	18.76	45.2	51.17	55.45
10	5	5	10.5	45.6	54.73	60.31
13	7	6	9.24	45.6	55.28	82.24
10	5	5	14.61	45.5	52.09	74.01
10	5	5	11.15	47	54.1	55.32
10	5	5	8.72	50.9	57.17	59.46
11	6	5	10.77	41.6	54.02	79.3
13	6	7	11.53	38.5	51.5	62.5
10	5	5	9.24	34.7	51.95	57.36
11	6	5	12.03	46	53.5	71.14
9	4	5	9.03	43.6	54.85	54.27
14	7	7	7.9	44.3	56.69	77.82
10	5	5	9.82	42.9	53.14	73.28
11	5	6	8.62	44.4	54.9	68.9
10	5	5	10.96	44.6	53.01	63.22
10	5	5	10.23	48.6	57.34	66.16
11	6	5	10.05	42.8	53.42	56.68
12	6	6	10.78	46.2	53.72	56.65
10	5	5	11.12	47.4	53.7	75.93
11	5	6	9.64	47.8	54.34	54.51
12	6	6	6.72	44.1	53.91	75.32
12	6	6	7.64	40	53.45	79.87
10	5	5	10.43	38.9	51.91	65.06
11	5	6	11.08	43.9	52.35	61.98
12	6	6	10.62	44.5	53.45	57.17
11	5	6	12.03	40.3	50.59	69.94
11	6	5	9.75	43.9	54.86	60.98
11	6	5	8.89	43.9	52.71	54.11
10	5	5	9.37	43.6	53.4	69.54
9	5	4	11.85	50.2	54.78	62.69
11	5	6	9.03	44.2	55.68	42.77
11	5	6	11.62	46.9	53.69	72.23
10	5	5	11.07	43.9	52.96	81.45
11	6	5	9.19	44.5	53.66	78.25
11	6	5	17.67	47.8	50.06	62.93
11	5	6	7.99	46	56.12	63.64
10	5	5	7.12	40.8	55.79	60.79
11	6	5	10.03	45.3	54.19	55.95
14	8	6	9.6	44.1	53.75	51.42
10	5	5	10.24	49.5	55.92	80.72
10	5	5	10.95	50	55.4	66.96
11	5	6	8.9	43.4	54.72	59.47
12	6	6	9.83	49.6	57.25	63.99
11	6	5	10.59	47.5	53.43	61.9
10	5	5	10.56	44.5	54.09	61.3
10	5	5	12.18	43.2	52.62	51.6
12	6	6	16.38	49.9	52.9	53.84
14	7	7	7.96	43.9	54.05	53.3
10	5	5	9.68	50.8	56.61	54.99
11	5	6	7.11	43.6	56.2	59.24
11	6	5	11.03	47.3	56.1	59.31
11	6	5	9.01	44.3	54.64	69.76
12	6	6	15.17	41.6	51.71	67.54
11	5	6	11.36	47.4	54.84	85.08
10	5	5	9.74	47.8	56.13	66
10	5	5	9.37	45.7	54.9	76.41
9	5	4	10.61	46.1	54.38	66.25
11	5	6	11.57	51.7	55	45.96
12	6	6	13	51	57.27	64.9
10	5	5	12.07	45.3	54.39	69.04
10	5	5	12.45	42.9	53.95	73.74
10	5	5	10.03	52.1	56.37	70.46
10	5	5	11.45	49	54.94	66.84
12	7	5	14.31	45.8	51.38	56.3
11	5	6	11.49	50.5	55.43	70.34
10	5	5	9.29	46	56.57	68.71
10	5	5	11.03	46	55	52.81
11	6	5	9.12	42.1	53.72	40.14
11	6	5	11.79	43.4	52.18	65.08
11	5	6	10.79	35.2	55.31	73.66
11	6	5	10.28	48.8	55.34	52.06
11	6	5	11.21	44.1	52.63	60.23
12	6	6	6.6	47.7	58.61	65.24
10	5	5	12.64	44.2	53.35	61.16
9	5	4	10.94	41.1	52.37	73.6
11	5	6	10.18	48.6	54.72	63.07
10	5	5	11.86	47.9	56.42	75.38
10	5	5	10.16	41.3	53.46	70.3
13	7	6	8.54	42	54.14	55.85
10	5	5	13.45	43.1	52.3	69.54
11	5	6	10.08	44.1	54.06	60.38
11	5	6	9.45	46.4	53.75	56.08
10	5	5	10.13	46.9	55.81	49.18
13	7	6	11.71	49.6	53.65	52.35
10	4	6	16.07	44.5	50.92	53
11	6	5	19.7	46.9	50.35	72.12
11	6	5	9.35	46.1	53.76	72.82
11	5	6	10.54	43.3	54.38	62.01
10	5	5	8.35	43.2	56.68	51.23
10	5	5	13.35	46.3	51.72	58.85
10	5	5	10.11	47.4	54.82	58.97
10	5	5	9.84	45.4	53.96	62.5
10	5	5	14.61	41.6	51.44	83.03
11	5	6	9.33	43.9	54.29	64.88
13	7	6	9.89	43.7	54.43	54.94
12	6	6	10.86	45.5	53.79	66.34
10	5	5	11.05	53.2	55.51	65.33
10	5	5	10.41	43.8	53.24	65.13
10	5	5	9.12	44.6	54.33	57.91
10	5	5	10.54	49.2	57.02	71.34
10	5	5	8.5	45.5	56.57	52.14
9	4	5	12.36	42.3	51.47	66.14
10	4	6	6.88	44.4	53.97	64.01
10	5	5	9.39	44.5	55.75	65.06
9	4	5	13.13	44.3	52.2	81.01
10	5	5	12.31	46.3	55.06	59.11
9	5	4	7.99	49.7	56.48	43.41
10	5	5	8.1	41.4	53.16	66.52
10	5	5	9.74	46.6	53.08	59.6
11	6	5	13.73	43.9	50.35	49.74
14	7	7	8.14	42.8	55.68	56.07
10	5	5	8.49	43.6	57.26	57.62
10	5	5	11.85	50.7	56.21	74.75
12	6	6	7.87	45.9	56.83	48.68
10	5	5	13.51	50.6	53.02	62.38
12	5	7	10.96	40.5	51.84	52.43
11	6	5	11.4	45.2	53.79	57.62
11	5	6	11.53	45	55.91	73.92
11	5	6	16.4	47.2	54.12	64.18
12	6	6	10.24	43.6	54.73	65.23
11	6	5	11.64	38.2	51.13	71.88
9	4	5	11.66	43.9	53.48	71.65
11	5	6	14.1	52.8	54.32	56.87
11	5	6	10.41	48.6	54.95	68.85
11	5	6	10.16	36	51.9	49.55
12	6	6	10.43	43	53.02	52.57
10	5	5	16.19	57.4	54.27	45.06
12	6	6	9.2	47.5	54.94	75.78
9	5	4	9.28	45	53.11	76.2
10	5	5	14.08	46.3	52.72	66.9
11	5	6	14.63	43.9	52.3	73.3
10	4	6	10.09	50	54.26	60.51
10	5	5	11.06	43.5	52.57	49.67
12	6	6	9.43	47.8	53.97	40.66
12	6	6	9.64	43.3	53.86	48.26
12	6	6	9.86	47.3	53.36	57.78
11	5	6	10.66	44.2	52.6	65.02
11	6	5	7.69	39.4	54.47	66.24
11	5	6	9.39	47.3	55.73	64.39
10	5	5	11.04	45.7	52.65	53.52
12	6	6	10.63	48.2	56.29	52.72
10	5	5	10.03	41.6	54.23	85.1
12	6	6	13.56	47.2	53.05	77.75
9	4	5	10.36	45.2	55.1	55.77
12	6	6	16.09	43.9	52.65	66.98
10	5	5	10.22	47.8	55.99	68.49
12	6	6	11.45	45.9	54.5	60.57
11	6	5	8.87	45.9	55.23	48.82
10	4	6	9.58	53.3	57.08	86.94
12	6	6	7.32	33.9	51.92	62.51
9	4	5	11.95	44.6	55.11	55.29
12	6	6	14.41	42.8	51.8	58.33
10	5	5	9.88	51.9	57.39	72.34
10	5	5	11.45	44.3	52.82	70.83
10	5	5	7.96	39.3	54.55	68.03
11	5	6	10.28	38.2	52.59	84.31
12	6	6	8.85	46.5	55.01	66.61
10	5	5	9.14	48.4	54.75	60.2
11	5	6	10.15	45.7	54.25	48.78
11	5	6	14.39	49	53.14	55.89
10	5	5	10.04	38.8	53.14	57.4
12	6	6	10.46	44.2	55.14	52.68
13	7	6	12.32	40	52.26	59.54
11	6	5	9.75	40.3	50.66	78.23
10	5	5	10.96	38.6	53.13	52.56
10	5	5	13.47	46.5	55.52	76.76
10	5	5	9.17	48.4	55.34	69.89
12	6	6	8.8	43.7	56.29	52.84
12	6	6	11.07	47.1	54.25	58.58
10	5	5	9.03	51.4	57.49	64.06
8	4	4	13.95	44.5	50.13	59.77
9	4	5	11.76	54.3	56.86	56.72
13	6	7	9.59	40.9	52.98	62.63
10	5	5	13.56	50.9	56.04	70.63
10	5	5	7.54	35.6	52.58	59.8
12	6	6	17.15	50.2	52.38	59.74
10	4	6	8.68	45.7	54.73	58.04
10	5	5	9.62	48.4	56.95	56.66
12	6	6	9.88	45.3	55.4	65.64
10	5	5	10.98	43.2	53.1	58.68
10	5	5	12.28	46.6	53.83	60.3
10	5	5	7.44	44.7	57.26	54.56
11	5	6	9.24	42.5	54.46	55.48
11	5	6	9.05	45.3	53.77	62.32
11	5	6	11.01	50.1	54.46	71.74
10	5	5	12.12	43.9	53.19	64.54
10	5	5	10.12	44	53.33	52.92
10	5	5	8.28	55	55.93	74.18
12	6	6	11.14	47.2	53.45	67.66
11	5	6	12.61	47.6	52.92	54.57
11	6	5	11.28	45.7	52.3	65.8
13	7	6	11.84	41.3	54.5	53.88
10	5	5	9.66	47.8	53.68	61.47
10	5	5	9.29	49.8	56.56	47.85
11	6	5	10.46	47.1	56.25	75.16
12	6	6	8.84	46.7	54.27	43.65
10	5	5	12.62	48.4	53.22	58.62
9	5	4	16.96	45.5	50.78	78.17
11	6	5	10.82	41.8	52.39	62.49
10	5	5	9.3	49.6	54.07	46.2
11	5	6	13.99	48	51.7	58.72
12	6	6	9.41	45.6	55.3	59.22
13	6	7	11.4	40.7	52.08	50.68
9	5	4	13.11	47.4	52.6	59.13
9	4	5	14.76	57.1	57.62	50.2
10	5	5	12.21	51.5	55.52	75.22
12	6	6	11.14	43.8	53.56	76.1
12	6	6	7.45	41.7	54.28	49.95
10	5	5	13.74	48.3	53.07	79.4
12	6	6	8.13	48.1	56.08	61.45
9	4	5	9.5	39.9	53.06	58.84
10	5	5	8.83	46.4	55.43	60.19
11	5	6	9.23	45.2	55.15	79.52
9	4	5	12.19	45	51.54	62.92
12	6	6	13.28	44.8	53.04	60.28
12	6	6	14.74	45.5	52.12	73.78
12	6	6	9.23	44.1	55.03	49.46
10	5	5	11.42	41.3	51.94	83.03
11	5	6	8.73	36.9	52.36	79.36
10	5	5	9.23	42.6	53.91	52.17
11	6	5	13.26	45	52.74	61.56
11	6	5	11.48	46.7	56.38	76.93
10	5	5	9.94	46.2	54.65	52.97
12	6	6	12.51	46.9	52.08	41.67
11	6	5	6.28	37.1	53.64	46.65
11	5	6	10.41	41.7	53.37	71.03
10	5	5	10.47	45.4	53.47	74.37
11	6	5	15.4	42.6	51.96	58.27
11	5	6	9.86	46.7	53.73	66.8
10	5	5	12.21	46.3	52.93	67.69
11	6	5	8.91	38.9	53.02	66.25
12	6	6	11.11	40.4	52.67	63.84
10	5	5	7.61	49.7	58.03	55.03
11	6	5	13.17	45	52.98	62.17
10	5	5	9.44	46.9	54.06	88.96
10	5	5	13.78	46.5	53.52	67.47
12	7	5	15.21	50.2	52.66	85.4
9	5	4	9.03	42.5	52.61	51.56
10	5	5	10.81	49.2	56.18	53.87
11	6	5	10.62	46.9	55.78	63.83
11	5	6	9.93	43.6	54.77	64.7
12	6	6	11.11	47.5	56.06	92.46
11	5	6	10.17	48.4	56.1	58.47
9	5	4	13.44	49.2	52.24	65.28
12	7	5	14	50.2	52.6	68.74
11	6	5	16.47	48.2	53.05	66.45
9	5	4	8.35	46	55.83	72.1
11	5	6	9.24	43.4	53.06	86.52
12	6	6	10.36	52.5	55.76	62.03
11	6	5	10.71	46.1	54.06	75.54
9	4	5	10.75	48.3	53.64	58.4
10	4	6	13.49	41.9	52.56	53.6
11	6	5	14.55	49.2	53.43	50.52
10	5	5	18.49	48.8	49.78	61.54
12	6	6	17.9	45.2	51	57.63
10	5	5	10.24	40.8	53.9	68.86
10	5	5	7.79	42.3	55.63	60.51
12	6	6	9.83	44.6	53.81	53.71
11	5	6	9.45	43.5	53.9	72.21
12	6	6	9.77	51.2	55.44	55.44
10	5	5	11.42	44.1	51.14	63.81
10	5	5	12.69	45.7	53.96	73.58
13	7	6	9.32	43.8	53.27	49.31
10	5	5	8.63	39.4	52.34	54.41
9	4	5	13.04	44.8	53.14	55.14
9	5	4	9.27	46.7	53.76	62.84
10	5	5	10.9	39.7	52.18	61.39
10	5	5	10.98	38.9	52.21	74.77
10	5	5	11.65	47.8	54.35	75.01
11	6	5	7.25	40.7	53.63	61.89
11	6	5	8.78	44.8	54.86	78.91
10	5	5	7.81	44	55.26	66.4
10	5	5	8.55	44.3	55.33	70.96
12	6	6	11.04	45.8	53.51	78.78
12	6	6	11.23	46.6	53.78	51.12
11	6	5	9.56	39.2	53	81.05
11	6	5	8.92	47.4	55.82	59.56
10	5	5	11.83	44.6	53.63	58.31
10	5	5	6.59	40.8	54.51	54.44
12	6	6	9.79	46.4	57.44	68.98
11	5	6	12.69	48.2	54.71	62.28
12	6	6	10.55	49.2	55.86	61.82
10	5	5	11.45	44.7	52.78	47
14	6	8	9.88	48.8	55.67	66.97
12	6	6	11.01	44	52.43	71.31
12	6	6	10.56	42	53.07	80.25
9	5	4	9.4	43.2	52.31	52.25
10	5	5	8.83	46.4	53.79	65.64
13	6	7	6.19	38.3	51.99	46.5
12	5	7	11.26	44.2	52.35	76.74
11	5	6	10.16	43.9	54.78	71.03
10	5	5	11.34	42.2	53.48	43.13
10	5	5	18.55	40.3	47.22	53.04
12	6	6	11.72	42.6	55.35	62.8
11	5	6	12.67	48.9	52.44	52.91
12	6	6	12.42	41.2	51.61	57.47
10	5	5	6.98	43.4	55.05	69.16
9	5	4	11.08	40.6	51.91	47.53
11	6	5	8.75	49	54.81	53.84
10	5	5	9.4	45.7	57.59	55.68
11	6	5	9.08	41	52.68	68.31
10	5	5	13.38	45.5	53.37	71.55
10	4	6	11.39	39	50.75	68.96
10	5	5	6.82	48.5	55.68	80.27
12	6	6	9.92	47	53.59	60.92
9	4	5	8.71	44.8	55.22	69.8
11	5	6	12.6	48.6	52.64	50.5
11	6	5	9.43	48	54.79	50.7
10	5	5	14.55	50.2	52.32	62.21
12	6	6	8.69	46.1	57.41	60.84
11	5	6	13.55	40.9	50.75	57.94
9	4	5	11.6	51.4	54	60.47
11	5	6	9.7	46.5	54.28	54.06
10	5	5	13.18	41.8	53.62	71.84
11	6	5	11.77	43.1	52.84	69.19
10	4	6	13.35	47.6	53.25	75.24
10	5	5	9.17	44.3	54.54	61.75
12	6	6	9.74	40.6	54.45	70.09
9	5	4	8.62	45.9	56.95	42.52
10	5	5	11.77	41.6	52.68	78.46
9	5	4	12.07	47.1	52.46	47.49
10	5	5	10.69	46	54.66	64.03
10	5	5	11.94	50.3	54.8	60.33
9	4	5	13.91	38.7	51.36	62.77
10	5	5	10.7	44.3	54.12	50.79
10	5	5	10.88	48.3	55.09	55.03
12	6	6	11.01	47.6	53.73	63.84
12	6	6	12.36	47.1	53.34	80.48
9	4	5	15.63	44.3	51.27	55.77
12	7	5	12.88	51.9	55.06	62.3
11	6	5	13.2	45.5	51.55	61.24
11	5	6	8.28	42.6	53.9	56.08
10	5	5	9.3	52.2	56.06	60.02
11	5	6	10.69	48.5	52.87	70.04
10	5	5	10.39	45	52.96	59.27
10	5	5	12.53	48.8	55.07	48.63
11	5	6	8.68	42.8	55.72	65.99
11	5	6	11.9	39.5	51.86	51.1
12	6	6	13.44	46	53.64	65.98
10	5	5	10.84	42.7	52.41	70.98
10	5	5	12.37	43.5	51.97	63.75
10	5	5	10.26	44.6	54.08	68.52
10	5	5	13.9	47.6	52.72	51.31
11	6	5	9.7	46	54.67	50.38
11	6	5	6.39	40.5	55.64	43.36
12	6	6	12.44	46.2	52.15	50.41
12	6	6	14.21	47	53.24	65.85
11	6	5	9.15	46.2	54.51	51.76
12	6	6	13.1	43.2	51.42	64.18
12	6	6	8.7	43.4	54.12	69.27
12	6	6	11.64	49.2	53.71	64.63
10	5	5	9.33	46.2	55.55	54.44
10	5	5	11.32	45.1	53.94	53.03
10	5	5	9.19	51.3	55.84	51.16
9	5	4	12.44	43.7	52.74	63.96
10	5	5	9.25	48.8	56.84	62.15
10	5	5	8.72	49.3	56.64	73.15
10	5	5	10.85	45.4	53.74	61.38
10	5	5	10.45	46.9	56.45	74.14
12	6	6	11.25	43.3	52.84	62.27
10	5	5	13.84	49.5	53.21	59.84
9	5	4	9.29	45.6	54.97	51.94
12	6	6	9.07	42.7	53.82	51.49
12	6	6	10.35	45.9	53.62	62.34
11	5	6	9.73	47	54.81	64.51
9	4	5	11.81	49.2	54.65	56.34
11	6	5	11.99	51.8	55.56	72.99
10	5	5	6.39	37.1	52.66	64.33
10	5	5	10.07	42.3	52.78	69.53
11	5	6	13.94	49.4	53.98	59.44
10	5	5	10.28	47.3	55.15	65.13
12	6	6	9.94	45.4	53.14	54.96
10	5	5	9.1	48	54.35	63.26
10	5	5	15.31	42.3	51.35	60.28
11	5	6	10.43	44	54.76	75.75
12	7	5	12.39	50.8	54.29	61.78
10	5	5	10.39	49.7	54.76	52.99
11	6	5	7.74	36.7	52.89	59.94
13	7	6	8.67	40	54.81	42.02
11	5	6	11.75	39.6	51.96	67.07
11	6	5	9.32	41.3	55.46	64.39
11	5	6	11.35	41	50.54	67.46
10	5	5	13.24	42.9	52.46	73.78
11	5	6	11.11	40.7	52.11	67.6
10	5	5	7.99	46.6	55.8	71.17
12	6	6	10.26	48.8	54.4	42.49
12	6	6	7.22	45	55.01	60.95
12	6	6	10.84	45.1	52.56	71.14
10	5	5	13.7	51.6	55.43	56.99
10	5	5	9.72	44	53.66	68.21
12	6	6	9.86	45	55.35	61.54
12	6	6	9.57	41.7	53.42	46.13
10	5	5	12.75	48.8	54.32	63.95
11	6	5	14.07	47.8	53.25	59.14
10	5	5	8.69	48.6	54.38	48.76
10	5	5	14.94	41.2	50.66	60.24
10	5	5	8.85	45.7	54.6	62.48
10	5	5	12.39	50.6	54.24	51
10	5	5	14.84	51.2	55.08	74.13
10	5	5	11.02	43.2	53.78	62.88
12	6	6	9.24	40.5	53.86	49.91
12	6	6	9.83	44.7	54.31	68.44
10	4	6	8.2	53.2	58.43	58.83
10	5	5	11.37	35.3	51.04	51.75
10	5	5	9.94	43.3	53.66	51.76
8	4	4	12.06	47.6	52.64	52.34
12	6	6	12.57	46.9	53.13	68.91
10	5	5	11.56	38	52.68	81.13
11	6	5	12.09	42.5	52.23	56.53
9	5	4	12.26	42.7	52.8	66.05
10	5	5	10.84	45.5	53.63	82.84
13	6	7	9.64	45.5	52.2	62.78
10	5	5	10.34	49.1	53.7	60.4
11	6	5	14.86	51.8	52.54	56.59
10	5	5	12.18	45.6	53.13	65.23
10	5	5	11.3	45.9	54.73	65.11
10	4	6	9.45	46	53.26	74.22
10	5	5	8.79	46.9	54.81	63.43
13	6	7	9.49	39.3	54.86	78.94
10	5	5	15.19	52.5	53.23	54.5
10	5	5	9.46	44.7	56.61	60.64
10	5	5	6.59	42.3	53.37	44.48
11	6	5	9.6	48.6	54.53	67.67
14	7	7	8.93	42.5	52.8	57.13
10	5	5	12.52	41.9	53.17	84.3
12	6	6	10.32	43.2	53.21	55.41
11	5	6	11.6	42.9	54.44	49.93
10	5	5	11.97	48.2	53.65	52.8
11	5	6	10.24	50.2	56.18	52.21
10	5	5	8.35	46.4	56.73	53.91
12	6	6	11.9	43.4	54.36	73.56
10	5	5	11.99	36.3	51.62	56.16
10	5	5	11.16	43	51.95	60.75
13	6	7	11.41	51.3	55.26	59.97
11	5	6	7.54	37.4	52.25	67.61
10	5	5	9.42	43.9	55.34	52.71
11	5	6	10.35	52.1	57.02	60.78
12	6	6	12.13	46.2	54.03	63.57
11	6	5	11.79	46.5	54.72	70.12
10	5	5	8.76	40.5	56.07	63.5
11	5	6	9.41	49.1	55.57	68.63
9	4	5	10.7	45.3	53.83	51.43
11	5	6	9.25	46.9	55.34	63.16
10	5	5	11.21	46.9	53.04	63.99
10	5	5	13.04	51.3	54	76.98
10	5	5	12.63	53.9	55.87	62.97
10	5	5	11.62	42.5	52.98	76.82
12	6	6	9.78	42.7	54.09	60.53
11	6	5	8.59	45.7	54.92	66.86
10	5	5	9.78	52.1	55.54	59.07
11	5	6	10.49	59.1	57.5	60.17
10	5	5	8.1	45.1	56.53	62.57
12	6	6	10.2	43.3	53.7	65.23
11	6	5	7.91	55.6	59.02	52.72
11	6	5	8.9	46.3	54.7	81.77
11	6	5	10.08	42.6	52.91	65.3
11	5	6	11.18	49.6	53.11	63.9
9	5	4	9.03	46.3	54.78	80.77
10	5	5	11.52	51.2	54.95	77.17
10	5	5	9.92	47	56.7	55.6
14	7	7	14.24	48.8	53	57.61
12	6	6	12.17	46.7	52.43	57.53
9	5	4	9.82	50.3	55.83	64.53
11	5	6	8.54	46	54.7	53.18
10	5	5	9.88	48.7	54.38	60.14
9	4	5	10.96	45.2	54.17	60.04
11	6	5	9.4	45.6	54.71	52.7
11	6	5	10.57	49.6	55.74	56.43
10	5	5	8.75	43.5	54	72.66
11	6	5	11.16	47.8	54.7	74.93
10	5	5	9.39	41.2	52.36	69.04
10	5	5	9.43	43	55.67	64.76
10	5	5	10.38	49.5	56.58	51.82
11	6	5	14.17	48.6	53.36	60.85
12	6	6	9.97	55	57.73	58.42
10	5	5	9.33	44.7	54.18	55.8
11	6	5	10.98	42	52.13	44.12
10	5	5	15.32	45.5	51.24	52.79
12	6	6	6.39	44.2	55.94	57.39
10	5	5	9.66	40.9	52.36	65.12
12	6	6	9.92	48.3	54.6	72.56
10	5	5	10.35	50.3	54.79	65.8
14	7	7	11.08	41	52.74	66.49
11	6	5	9.78	39.5	51.7	54.51
10	5	5	9.39	47.3	57.09	46.15
11	5	6	10.74	48.2	52.88	48.64
10	5	5	10.05	51.4	56.06	63.79
10	5	5	10.05	46.6	55.63	64.03
10	5	5	13.81	49.5	55.54	72.07
11	5	6	13.72	43.6	51.79	83.41
11	6	5	9.7	49.5	55.48	44.08
14	7	7	9.55	36.8	49.88	53.24
12	6	6	10.41	40.7	52.89	62.96
11	5	6	10.23	43.1	53.93	53.21
10	5	5	9.72	50.8	53.33	45.77
9	4	5	8.7	43.6	54.04	58.54
12	6	6	9.6	46.4	54.11	62.74
10	5	5	13.36	47.3	54.57	45.99
11	5	6	9.22	44.8	56.15	60.49
10	5	5	11.95	40.4	51.8	49.6
9	5	4	11.77	46.3	53.56	67.08
12	6	6	9.89	44.6	53.73	62.72
10	5	5	15.1	48.4	53.9	80.47
10	5	5	8.58	42.1	53.53	59.07
11	5	6	14.81	45.5	49.82	74.85
12	6	6	11.18	50.8	56.1	58.15
11	6	5	7.73	43.5	54.06	53.59
12	6	6	16.91	53.1	51.46	51.25
13	7	6	13.1	48.2	54.3	42.77
11	6	5	7.38	46.3	55.79	48.71
10	5	5	10.48	50.1	54.64	66.19
10	6	4	8.91	53.7	57.79	59.19
12	6	6	7.31	42.1	55.65	48.22
10	5	5	11.08	43.7	53.42	51.31
12	6	6	9.75	44.2	54.1	69.19
10	5	5	8.65	50.4	55.3	70.46
12	6	6	9.85	42.3	53.21	72.08
10	5	5	11.58	48	56.28	66.79
11	6	5	13.22	48.5	52.86	82.38
12	6	6	10.16	38	51.72	58.27
12	6	6	8.25	42.9	53.58	47.72
10	5	5	10.49	49.2	54.58	52.86
11	6	5	11.7	50.2	57.11	56.75
12	6	6	9.42	46.4	52.39	64.69
10	5	5	13.63	51.9	53.26	76.63
10	5	5	9	47.3	56.55	72.27
10	5	5	7.62	45.9	55.05	39.43
10	5	5	8.23	37.8	53.62	57.01
11	6	5	13.52	41.2	51.28	63.41
9	4	5	10.1	39	52.63	89.8
9	5	4	10.12	44.2	53.84	65.56
10	5	5	10.61	41.6	53.5	57.6
11	5	6	10.07	46.2	54.26	61.46
10	5	5	11.12	41.9	53.24	66.06
12	6	6	10.51	45.7	55.64	71.72
10	5	5	10.67	45.7	53.64	57.72
12	6	6	10.16	41.9	53.88	60.36
12	6	6	13.14	45.2	52.24	67.56
12	6	6	11.61	48.5	56.5	55.38
12	6	6	11.67	47.9	55.24	65.15
11	5	6	8.12	46	54.88	54.5
8	4	4	11.25	50.1	56.19	52.8
12	6	6	9.18	41.9	54.12	49.37
12	6	6	9.96	46.9	54.31	53.64
11	6	5	10.31	41.4	52.02	65.47
10	5	5	11.96	46.3	54.07	51.62
12	6	6	6.62	45.7	56.29	62.18
10	5	5	10.85	51	57.08	56.57
11	5	6	11	44	53.22	76.82
10	5	5	10.02	46.8	53.99	73.59
10	5	5	13.37	46.7	53.14	56.51
14	8	6	11.47	40.4	52.15	48.49
10	5	5	12.22	42.1	53.61	72.27
10	5	5	10.59	47	54.78	70.31
10	5	5	8.89	48.2	55.59	69.61
10	5	5	10.64	39.3	52.12	65.27
11	6	5	10.74	46.6	54.14	62.16
12	7	5	8.57	43.4	54.02	67.56
12	6	6	7.81	46.3	55.53	73.35
12	6	6	8.66	45	56.51	78.73
13	7	6	10.78	43.9	54.51	62.23
10	5	5	10.38	43.6	53.81	58.96
13	5	8	12.34	48.2	53.78	56.61
10	5	5	11.79	45.3	53.44	46.55
12	6	6	7.79	45.7	56.18	73.23
10	5	5	12.97	43.9	53.53	70.86
10	5	5	12.19	44.8	52.76	70.41
11	6	5	9.5	41.6	54.06	65.52
14	7	7	12.07	51.8	54.6	77.05
11	6	5	12.07	46.4	53.61	64.45
12	6	6	12.03	44.6	53.04	66.45
12	6	6	12.17	48.3	54.75	77.44
12	6	6	11.59	42.9	52.51	59.78
10	5	5	11.89	43.3	52.98	67.33
10	5	5	11.38	45	51.97	61.07
12	6	6	14.46	48.8	52.35	58.94
11	5	6	8.84	41.1	55.62	66.65
12	5	7	10.1	51.1	56.94	71.24
9	4	5	7.27	41.7	54.22	51.54
10	5	5	11.39	53.2	55.53	59.78
11	5	6	12.97	40	50.23	73.43
10	5	5	10.9	42.5	52.37	60.7
10	5	5	14.27	52.5	54.08	55.14
10	5	5	10.32	50.2	54.88	52.38
12	6	6	7.46	41.7	54.45	56.65
11	6	5	9.73	53.5	56.32	78.93
12	6	6	10.51	46.4	55.72	60.44
12	7	5	9.69	37.9	51.82	52.32
12	6	6	12.45	47.5	52.16	74.52
10	5	5	11.8	46	54.43	48.15
10	5	5	12.88	50.2	55.3	73
11	6	5	11.29	40.7	52.54	76.27
11	5	6	10.18	51.5	56.35	78.71
10	5	5	10.94	48.2	55.31	57.64
12	6	6	12.24	42.1	52.27	76.37
10	5	5	9.5	49.7	56.93	64.26
12	6	6	11.17	52.3	54.17	67.01
10	5	5	11.02	42.9	53.62	70.42
11	6	5	11.25	45.6	53.6	60.84
11	6	5	8.86	49.3	55.69	47.83
11	6	5	10.43	46.6	56.2	68.55
12	6	6	9.34	46.4	57.98	57.61
10	5	5	13.83	54.8	55.95	71.71
11	5	6	9.77	44.9	53.48	62.46
10	5	5	10.85	42.6	53.45	74.6
14	7	7	8.81	40.3	53.68	75.87
10	5	5	10.92	42.8	53.38	81.14
11	5	6	11.41	45.9	54.6	58.18
10	5	5	12.12	46	54.15	49.52
12	6	6	8.69	43.3	54.18	70.1
9	4	5	11.9	45.7	53.39	54.49
11	6	5	9.85	38	52.41	57.65
13	7	6	13.71	49.7	53.53	62.11
10	5	5	9.98	37.3	51.38	64.7
9	4	5	12.07	47	53.44	67.7
11	6	5	11.12	44.6	53.55	62.57
10	5	5	12.33	47	52.4	65.24
11	5	6	12.52	50.8	52.8	63.32
10	5	5	8.34	45.9	54	54.53
10	5	5	12.19	45.4	55.29	81.05
11	6	5	9.9	45.7	54.67	78.07
10	5	5	8.62	46.1	54.97	79.18
12	7	5	13.02	43.7	53.07	61.36
10	5	5	8.71	48.7	56.13	50.67
9	5	4	13.82	44.2	53.8	70.5
10	5	5	11.26	42.2	53.69	68.88
10	5	5	11.75	45.2	50.93	59.3
10	6	4	14.1	46.9	52.28	86.91
12	6	6	11.82	47.3	53.57	56.06
10	5	5	12.55	47.7	53.94	67.38
11	5	6	10.41	42.5	54.4	53.59
11	5	6	14.1	48.6	53.89	63.63
9	4	5	9.26	40.5	51.55	60.33
13	7	6	9.48	47.6	55.35	53.99
12	6	6	9.72	44.9	55.01	62.1
10	5	5	19.46	45.9	48.95	70.31
10	5	5	12.84	49.1	52.95	48.4
11	6	5	11.65	46.5	53.42	59.18
11	6	5	10.61	45.3	54.09	64.25
13	6	7	11.93	44.5	53.83	56.96
11	5	6	10.88	45.7	54.07	63.93
10	5	5	12.71	45.6	53.26	65.49
9	4	5	13.14	48.2	54.99	78.98
12	6	6	9.48	45.3	53.8	50.28
10	5	5	10.98	50.8	54.03	59.48
11	5	6	9.62	41	53.53	61.68
13	7	6	17.14	43.2	53.21	49.06
11	5	6	10.77	48.8	55.04	57.43
10	5	5	12.94	41	53.63	61.16
10	5	5	7.9	47.2	56.39	69.12
11	5	6	8.77	49.8	53.97	60.17
10	5	5	9.17	38.9	51.71	59.63
10	4	6	11.81	48.9	54.88	63.81
10	5	5	10.15	40	51.1	64.83
10	5	5	11.26	49.3	53.81	71.06
11	5	6	14.09	46.4	52.52	55.95
10	5	5	7.56	38.9	53.59	53.12
11	5	6	10.41	39.9	52.57	81.94
10	5	5	8.16	43	53.24	74.14
11	6	5	10.79	46.9	53.69	48.02
10	5	5	9.6	50.6	56.31	53.92
9	4	5	7.02	54	57.75	60.52
10	5	5	9.6	46.3	55.07	70.5
11	6	5	8.98	49.6	55.52	72.19
12	6	6	14.74	49.8	52.67	58.92
11	5	6	13.13	46.2	51.39	74.55
10	5	5	9.42	43.9	55.84	73.38
11	5	6	12.11	51.5	58.9	55.5
12	6	6	8.12	47.9	56.36	55.29
11	5	6	11.58	44.9	53.19	66.08
10	5	5	7.38	46.4	54.59	67.66
11	5	6	9.32	40.5	54.07	68.7
11	5	6	11.39	47.8	55.11	68.45
12	6	6	12.06	41.3	51.78	90.61
10	5	5	14.07	46.4	52.97	56.53
10	5	5	11.09	48.3	55.36	59.08
13	7	6	15.76	48.5	52.09	74.64
13	7	6	9.96	41.2	54.7	57.59
11	6	5	10.94	45.7	54.13	65.85
11	5	6	10.54	42	55.68	49.68
12	6	6	11.2	48.7	53.4	67.35
10	5	5	8.65	50.9	55.8	47.16
12	6	6	10.09	40	52.28	77.7
12	6	6	10.24	45.4	57.67	67.38
10	5	5	9.05	50.8	56.82	81.14
10	5	5	8.26	42.6	52.59	52.23
10	5	5	13.5	51.8	53.29	60.36
10	5	5	10.6	41.6	53.13	68.24
12	6	6	10.88	45.1	51.99	67.89
9	4	5	9.01	44.6	53.75	54.52
11	5	6	9.8	43.1	53.56	63.27
10	5	5	12.18	51.5	54.53	53.15
11	5	6	9.63	44.5	54.41	69.74
12	6	6	9.13	52.6	56.07	52.8
11	5	6	11.71	43.6	53.68	62.59
10	5	5	12.94	48.3	54.94	74.12
12	6	6	9.19	45.9	54.69	47.56
10	5	5	12.49	43.9	52.8	70.49
11	5	6	14.31	49.2	52	59.95
12	6	6	12	50.2	54	54
11	5	6	7.98	48.8	57.28	48.97
10	5	5	11.47	49.3	55.96	54.69
8	4	4	17.01	46.2	50.37	56.74
12	6	6	11.41	43.5	54.99	80.2
12	6	6	13.96	44.9	52.28	72.07
10	5	5	7.83	47.3	56.18	52.97
11	5	6	12.98	43.6	52.39	70.4
9	4	5	8	38.6	52.91	51.62
12	6	6	9.62	43.9	53.49	50.84
10	5	5	10.33	47.4	56.76	69.38
10	5	5	8.53	46	56.17	71.51
11	5	6	12.98	52.6	58.16	62.86
10	5	5	12.33	42.9	53.07	71.48
11	5	6	11.81	38.8	50.21	59.56
10	5	5	11.86	46.5	52.97	75.67
10	5	5	9.48	50.6	56.59	44.06
11	5	6	14.17	50.1	54.2	67.73
11	6	5	9.24	41.8	53.33	38.21
10	5	5	10.49	53.3	55	62.36
10	5	5	10.78	43.9	54.04	54.04
12	6	6	11.12	44.9	53.47	43.73
12	6	6	9.39	41	52.64	69.81
10	5	5	10.79	46.3	54.75	53.5
11	6	5	10.93	49.3	55.01	62.01
10	5	5	9.08	50.5	57.43	70.4
12	6	6	12.27	44.6	52.36	68.4
10	5	5	9.13	45.6	52.4	51.51
12	6	6	10.03	47.6	56.16	71.81
10	5	5	11.34	48.9	54.68	62.44
12	6	6	14.7	46.9	52.93	66.01
11	6	5	9.77	43.4	55.46	62.79
11	5	6	11.91	47.1	53.88	54.58
12	6	6	12.69	51	54.58	59.59
12	6	6	14.93	49.5	51.57	53.68
12	6	6	9.54	45.2	55.67	59.96
11	6	5	15.56	50.5	52.02	91.97
9	4	5	10.48	47.7	56.7	59.76
10	5	5	9.98	44.5	52.8	54.24
10	5	5	12.71	47.6	53.38	48.17
11	5	6	10.38	41.3	52.91	68.41
12	6	6	10.45	48.2	55.55	46.74
13	7	6	9.93	42.4	54.03	73.62
13	7	6	10.43	45.6	53.6	54.6
11	6	5	8.25	49.5	54.59	41.95
12	7	5	12.52	41.9	53.99	63.08
11	5	6	10.15	45.8	55.89	61.69
10	6	4	13.22	45.6	54.02	88.46
10	5	5	10.76	53.4	57.48	65.98
10	5	5	13.51	53.5	53.6	77.51
10	5	5	10.49	43.4	53.56	88.44
12	6	6	12.08	43.4	51.31	43.3
9	4	5	9.57	46.3	54.3	70.14
12	6	6	10.87	49.3	54.7	73.64
9	5	4	8.84	47	55.79	60.89
12	7	5	11.18	48	54.73	54.18
10	5	5	7.34	40.4	53.05	54.81
11	6	5	15.09	44.7	51.86	72.53
10	5	5	9.27	47.2	55.02	68.64
10	5	5	10.92	43.7	53.11	66.89
10	5	5	10.97	45.2	53.84	54.12
11	5	6	10.46	40.9	52.63	58.54
11	5	6	11.32	49.5	54.54	78.28
11	6	5	9.93	43.5	54.67	60.85
9	4	5	10.65	42.1	54.68	61.39
9	4	5	10.9	45.2	52.94	78.98
9	4	5	11.12	42.5	54.07	67.39
10	5	5	12.62	44.5	53.94	63.2
10	5	5	12.87	44.3	53.36	70.83
12	6	6	12.03	46.6	54.03	53.67
11	6	5	11.96	46.8	55.03	58.22
12	6	6	8	45.4	55.02	59.97
10	5	5	8.49	47.5	54.62	73.29
11	6	5	11.14	47.9	53.36	61.99
11	6	5	10.72	44.1	54.15	54.52
10	5	5	9.83	42.2	52.79	52.23
12	6	6	11.6	48.7	56.2	54.44
10	5	5	8.63	40.6	52.37	51.31
10	5	5	11.54	47.2	54.93	42.87
8	4	4	6.8	57.5	56.97	56.6
11	5	6	9.13	41.5	53.68	64.28
11	6	5	8.73	43.9	54.62	64.22
10	5	5	10.42	46.2	55.03	57.35
11	6	5	8.8	42.3	54.03	48.92
12	6	6	8.52	45.9	57.3	66.05
9	4	5	11.58	45.5	52.55	46.87
10	5	5	12.75	40	52.67	90.87
12	6	6	7.77	42.8	54.11	67.9
12	6	6	8.26	45	53.48	62.47
10	5	5	11.16	45	52.4	61.07
12	5	7	11.12	46.3	52.46	63.04
10	5	5	7.55	53.2	58.22	43.98
11	5	6	7.82	40.1	54.01	56.08
12	6	6	7.57	42.2	54.59	76.21
9	4	5	9.36	48.9	55.21	50.93
10	5	5	12.44	50.9	55.09	66.42
12	6	6	9	42.3	54.7	65.9
10	5	5	7.7	48.3	55.79	52.16
11	5	6	11.44	42.3	51.76	54.24
11	5	6	11.49	51.7	54.14	64.63
13	7	6	9.22	41.8	54.17	66.97
12	6	6	9.5	44.1	54.32	77.12
9	5	4	9.49	43	53.64	56.46
12	6	6	12.81	49.5	54.65	75.63
12	6	6	10.32	51.5	56.61	54.56
12	6	6	16.87	43.4	51.32	69.14
10	5	5	9.56	51.8	58	50.86
12	6	6	13.04	49.3	54.23	74.64
12	6	6	12.08	46.4	54.06	53.68
10	5	5	10.04	46.3	54.31	59.96
12	6	6	9.2	41	53.02	56.1
10	5	5	15.18	45.9	51.86	77.12
11	5	6	9.48	41.9	52.25	78.23
10	5	5	7.22	42.9	56.02	67.7
10	5	5	9.21	50.7	55.75	58.59
11	5	6	7.71	37.8	53.95	61.86
12	6	6	10.62	46.9	53.62	61.54
12	6	6	15.92	37.6	49.16	84.21
10	5	5	11.32	44.6	53.56	78.45
10	5	5	15.84	50.1	53.34	65.84
10	5	5	11.35	41.2	54.01	63.12
12	6	6	9.08	42.2	53.43	49.61
10	5	5	12.06	48.8	56.02	66.96
11	5	6	13.36	44.5	51.26	49.32
12	7	5	8.71	45.5	54.3	47.34
10	5	5	11.38	49.5	54.51	59.39
11	5	6	13.27	44.6	52.76	59.5
11	6	5	9.28	46.1	54.23	74.08
12	6	6	10.86	51.5	53.25	65.21
12	5	7	9.22	42.9	53.75	52.53
10	5	5	14.04	50.3	52.53	68.71
11	5	6	11.65	42.6	53.37	66.22
10	5	5	10.22	43.2	53.01	61.29
12	6	6	9.94	47.2	53.04	62.68
11	6	5	8.61	47.9	56.4	53.72
12	6	6	9.99	51.5	54.65	72.15
11	5	6	10.31	49.6	56.75	51.92
12	6	6	14.43	44.8	52.03	61.23
11	5	6	11.11	45.9	53.31	58.63
10	5	5	11.56	47.1	53.75	55.29
11	5	6	8.74	46.1	55.63	53.81
9	5	4	10.66	46.7	54.64	50.03
9	5	4	13.53	54.6	55.96	63.21
10	5	5	10.52	48.7	56.22	63.84
11	6	5	8.11	48.3	54.87	78.85
11	5	6	9.57	45.4	53.62	78.82
10	5	5	12.92	50.2	55.34	60.65
11	6	5	9.39	48.8	56.66	48.48
8	4	4	9.85	42.9	54.67	62.68
12	6	6	11.83	48.5	53.88	51.67
10	5	5	10.67	51.9	54.56	67.06
12	6	6	8.89	37.7	51.71	63.68
10	5	5	7.32	38.7	52.63	56.28
11	6	5	13.48	45.3	54.26	58.85
11	5	6	8.23	50.7	54.78	59.09
12	6	6	9.46	40.2	52.87	60.2
11	6	5	12.45	46.2	52.94	53.44
10	5	5	10.24	37.6	51.32	74.39
11	6	5	10.08	45	53.71	70.59
12	7	5	9.1	46.9	54.61	48.14
10	5	5	12.51	45.9	53.43	66.66
10	5	5	16.89	45.2	52.02	61.23
12	6	6	10.03	40.7	52.29	52.44
10	5	5	8.81	40.3	53.32	64.79
11	5	6	8.78	44.9	55.45	64.27
12	6	6	11.07	43.1	53.73	53.08
11	5	6	9.69	45.7	54.32	59.79
10	5	5	7.24	42.7	54.42	59.89
10	5	5	13.99	47.4	54.09	53.37
11	6	5	17.48	45.6	49.87	58.74
12	6	6	11.76	50.3	57.93	59.63
13	6	7	11.1	54.3	56.37	66.96
11	5	6	12.36	45.9	51.99	73.5
11	5	6	12.08	42.6	52.17	57.57
10	5	5	8.87	51.6	56.32	70.77
11	5	6	9.58	51.4	56.17	86.91
10	5	5	10.61	47.9	54.42	76.24
10	5	5	10.03	44.8	54.65	68.48
10	5	5	17.08	40.9	50.95	55.72
10	5	5	12.16	48.8	54	54.01
12	6	6	12.49	48.6	56.36	72.11
11	5	6	10.26	41.6	52.5	55.58
10	5	5	11.07	44.9	53.93	59.49
9	5	4	8.7	48.8	54.7	52.68
11	5	6	11.73	42.6	52.73	51.59
9	4	5	11.17	45.7	53.91	74.22
8	4	4	13.6	46.5	52.65	67.96
11	6	5	15.15	48	52.15	70.36
11	5	6	15.92	45.9	52.04	72.42
10	5	5	10.39	45.4	53.33	71.8
11	5	6	11.75	42.4	52.6	79.2
10	5	5	8.92	47.9	55.32	65.1
12	6	6	10.52	44.3	53.99	58.56
